71 0.116966 73.9884 0.939085 0.402389 88.5246 1.3979 28 95 67 17 15 38 23 63 61 99 83 62 18 8 34 40 44 32 60 52 81 89
93 0.421805 4.42334 0.436238 0.225492 52.833 2.24764 29 84 82 27 45
29 0.551171 15.3333 0.996232 0.685945 18.8763 3.02373
84 0.922999 43.8275 0.59897 0.465554 41.2418 0.000508721
82 1.33872 23.3888 0.633334 0.996487 88.638 1.02471 28 70 37 66 16 80 57 95 59 54 67 53 17 15 98 38 23 63 61 99 49 47 69 83 62 18 8 22
27 1.4696 5.88804 0.280341 0.454808 16.9477 1.20098
45 1.65153 51.2953 0.8411 0.876547 22.8509 1.90262
91 2.50756 1.54194 0.432708 0.812322 9.10848 2.25872
36 2.6149 62.7526 0.733598 0.488581 10.8939 1.01217
41 3.4862 9.5299 0.76352 0.638473 81.9277 1.23457 85 97
28 4.68436 80.5323 0.494008 0.553102 29.7152 0.936408
85 4.71249 10.8667 0.157176 0.796648 84.2936 2.04936 70 37 97 66 16 80 77 57 95 59 54 67 53 17 75 15 1 51 98 38 23 28 36 45 82 84 29
70 5.04688 46.4698 0.179756 0.868259 35.9768 1.72416 28
37 5.60233 29.0367 0.38379 0.585649 58.5034 1.22218 66 16 28
97 5.88917 14.8033 0.344874 0.692353 23.7961 0.149691
2 6.36692 5.3281 0.300344 0.112714 25.9552 0.906362
66 6.74226 38.599 0.0202293 0.414954 67.3639 0.231273 80 57 95 28
12 7.14725 7.00523 0.735558 0.0102511 38.0122 0.361156
16 7.82533 35.7299 0.143924 0.209391 73.2011 0.596645 59 53 98 38 23 63 61 99 49 47 83 62 18 8
80 8.61979 92.0388 0.412694 0.286309 60.6324 0.706839
77 8.8341 23.2759 0.132 0.524313 18.8951 1.27259
57 9.19774 53.5483 0.578255 0.151649 45.6565 1.81531
95 9.45629 81.1674 0.514152 0.168016 42.8685 0.0930587
59 11.0882 45.462 0.638989 0.855526 87.6995 1.2892 54 67 17 15 38 23 63 61 99 49 47 83 62 18 8 22 34 40 44 60 52 81 89 7 42 9 26
54 12.6496 68.267 0.799209 0.758142 29.3891 0.71899
88 16.2715 8.02055 0.690036 0.750584 36.282 1.02967
67 17.3006 70.7785 0.974486 0.706524 41.0744 2.76885 17 15
53 18.854 46.6723 0.549559 0.916437 26.5947 0.544733
17 20.8671 82.69 0.743796 0.822387 19.2956 0.717796
75 20.9799 32.4114 0.566174 0.924993 38.3068 1.82883
15 21.1943 78.9464 0.0108618 0.369276 64.8741 1.84835 23 63 17
1 22.7152 24.8478 0.350664 0.831404 1.5723 0.984254
51 23.3558 35.0297 0.203913 0.871347 82.7725 3.08444 98 38 23 63 61 99 49 47 69 83 62 18 8 22 30 43 34 19 40 44 73 87 68 32 64 24 60 20 52 55 46 13 81 89 7 56 42 74 92 9 50 76 35 15 17 53 67 54 59 95 57 80 70 28 36 45 84
98 23.4082 48.7197 0.805209 0.787456 6.11372 0.695153
38 26.1564 78.4692 0.490804 0.0565101 3.93973 2.20349
23 26.5666 86.5403 0.0356403 0.158322 50.7584 0.653639
63 30.3566 91.2935 0.295726 0.411339 11.5517 2.59614
61 30.6631 74.7417 0.466296 0.110131 67.5656 0.542764
11 30.8002 5.07318 0.775269 0.271408 12.2615 0.589172
90 31.4207 30.001 0.50308 0.777004 58.67 3.07161 61
99 31.647 98.0159 0.297692 0.8432 57.1532 1.94446
6 32.4997 31.814 0.377767 0.344173 25.5032 0.499916
49 33.7411 56.6305 0.686682 0.879559 57.107 1.7693 47 83 62 18 8 22 34 40 44 32 60 52 81 89 99 61 63
25 33.955 5.6107 0.595109 0.741058 47.002 0.147887
47 36.1277 61.9703 0.42999 0.242114 88.4806 2.01335 83 62 18 8 34 40 44 32 64 60 52 81 89 7 42 92 9 76 26 14 10 78 79 31 48 39 33 58
69 39.3804 53.3037 0.0130114 0.198698 94.3756 2.95396 83 62 18 8 22 34 40 44 32 64 60 52 81 89 7 42 9 76 26 10 78 79 31 39 33 58 47 49 99 61 63 23 38 15 17 67 54 95 80 28 36
4 40.4803 30.8566 0.294836 0.42578 56.3438 1.24001 83
83 40.7325 71.1838 0.34686 0.666908 88.2219 1.67234 62 8 34 60 52 42 26 78 31 58 99
62 42.1387 87.5244 0.759358 0.533134 99.3001 1.23545 34 52 42 26 78 31 58
18 42.9608 69.4309 0.616467 0.710891 80.2437 0.947512 60 52 42 26
8 43.7916 94.4712 0.246433 0.268267 53.1647 1.62261
22 44.7554 57.1047 0.0436052 0.461166 53.6671 0.328265 34 8
86 45.3908 13.9649 0.329807 0.375203 89.8957 2.69181 30 43 34 19 40 44 73 87 68 32 96 64 24 60 20 52 55 46 13 81 89 65 7 56 42 74 92 9 3 50 76 35 0 5 26 14 10 21 22 8 18 62 83 4 69 47 49 99 61 63 23 38 98 15 17 67 54 95 80 28
30 46.665 44.2437 0.746973 0.213534 13.629 1.25853
43 48.1288 37.2415 0.767479 0.263595 98.3025 0.769587 73 20 55 13 92 76 14 10 79 48 39 33
34 48.2881 99.9255 0.192063 0.737873 15.6808 1.79538
19 49.0587 34.6667 0.181273 0.0512263 69.0908 2.98096 40 44 73 87 68 32 64 24 60 20 52 55 46 13 81 89 65 7 56 42 74 92 9 3 50 76 35 0 5 26 14 10 21 34 22 8 18 62
40 49.5899 61.4682 0.0286361 0.843673 36.7895 1.50476
72 50.4793 5.17499 0.0740438 0.0243202 97.1898 3.11921 44 73 87 68 32 96 64 24 60 20 52 55 46 13 81 89 65 7 56 42 74 92 9 3 50 76 35 0 5 26 14 10 21 40 19 34 43 30 22 8 18 62 83 69 47 99 61 63 23
44 50.6335 71.0923 0.634972 0.914343 83.6389 2.7716 60 52 81 89 7 42 9 76 26 10 78 79 31 39 33 58 34 8 62 99
73 51.2544 38.0298 0.360927 0.781052 58.1273 0.00512287
87 52.6036 48.3923 0.343891 0.940978 95.509 0.853075 68 32 60 52 81 89 7 42 26 78 31
68 54.0487 50.3609 0.185611 0.54711 31.5004 2.41394 32 44
32 55.6275 57.5523 0.546177 0.99686 29.7269 0.16678
96 58.5587 8.61156 0.625622 0.731146 57.1972 0.865193
64 59.2206 54.9178 0.188983 0.544881 65.9184 0.241164
24 60.0194 29.4779 0.861573 0.0291506 50.0761 2.64499
60 60.3894 83.8186 0.394109 0.842158 80.1704 0.312806 52
20 63.9554 39.4303 0.0743639 0.178331 35.6619 0.984395
52 65.1034 94.646 0.880149 0.572497 5.25771 2.0682
55 65.6602 42.4628 0.847283 0.828204 0.245508 2.54118
46 66.5826 31.672 0.249363 0.726359 7.07837 1.88609 13
13 69.3612 36.3432 0.966227 0.243455 48.8986 1.1033
81 69.7929 68.4006 0.736544 0.00585906 38.4713 1.54892
89 76.7337 78.2313 0.299244 0.709686 49.4595 1.35043
65 77.0403 3.53767 0.469092 0.109182 75.6908 1.4316
7 77.1897 76.3168 0.686902 0.413408 95.9024 2.39512 42 9 26 78 79 31 33 58
56 78.5728 32.4679 0.730695 0.181081 38.799 1.31025
42 79.6951 91.8469 0.143486 0.216317 95.8287 0.0943563
74 80.2029 30.3942 0.330319 0.202342 71.7054 2.16645 92 9 50 76 35 26 14 10 78 79 31 48 39 33 58 94 42
92 80.4479 50.2905 0.934096 0.901122 22.2457 0.589944
9 80.5885 75.5122 0.579292 0.87135 57.897 1.46563 42
3 81.2974 21.3171 0.240922 0.801777 81.7226 2.92835 50 76 35 26 14 10 78 79 31 48 39 33 58 94 9 92 74 42 56 7 89 81 13 46 55 52 20 60 64 32 68 87 73 44 40
50 83.0421 32.5728 0.763421 0.605711 79.2205 2.7412 76 35 26 14 10 78 79 31 48 39 33 58 94 9 92 42 7 89 81 52 60
76 84.2222 65.9905 0.431242 0.0506021 36.3895 1.52398
35 84.7611 33.9884 0.826758 0.54907 0.0647578 0.131706
0 86.1512 6.41146 0.998784 0.973195 21.2387 2.87194 5
5 87.0066 14.7315 0.267873 0.357522 77.7117 1.1923
26 87.5572 87.5492 0.990083 0.222049 36.0441 0.184878
14 87.9849 35.9125 0.340132 0.691661 25.7633 2.21597 10
10 88.3857 55.6957 0.0137365 0.361595 93.0951 2.75897 78 79 31 39 33 58 26 76 9 42 7 89 81 52 60 44 34 8 18 62 83 99 61 63 23 38 15 17 95 80
21 88.5364 0.605083 0.854841 0.490685 98.3957 1.26029
78 89.5969 98.429 0.428336 0.509541 62.1251 3.13137
79 91.3893 70.6796 0.772305 0.522722 56.3017 1.13842
31 94.1908 94.4865 0.0972846 0.303847 91.2722 2.08962
48 94.6456 41.9692 0.549316 0.516563 31.7052 1.71776 39 33
39 95.4407 61.9221 0.00996405 0.0807483 47.4365 2.97084 33 58 31 79 78
33 96.2832 66.3278 0.316704 0.90519 29.0182 0.994076 58 31
58 97.1478 87.3175 0.290303 0.251093 43.9437 0.298005
94 98.476 25.1472 0.0274436 0.180931 8.30924 1.71755
1